{
 "cells": [
  {
   "cell_type": "code",
   "execution_count": 1,
   "id": "d96cb8b0",
   "metadata": {},
   "outputs": [],
   "source": [
    "import pandas as pd\n",
    "import matplotlib.pyplot\n",
    "import numpy as np"
   ]
  },
  {
   "cell_type": "code",
   "execution_count": 2,
   "id": "a72d1a91",
   "metadata": {},
   "outputs": [],
   "source": [
    "air=pd.read_csv(r'D:\\Data_Analysis\\Machine Learning\\assign\\air.csv')\n"
   ]
  },
  {
   "cell_type": "code",
   "execution_count": 3,
   "id": "8d8fbbf9",
   "metadata": {},
   "outputs": [
    {
     "data": {
      "text/plain": [
       "Geography\n",
       "France     5014\n",
       "Germany    2509\n",
       "Spain      2477\n",
       "Name: Exited, dtype: int64"
      ]
     },
     "execution_count": 3,
     "metadata": {},
     "output_type": "execute_result"
    }
   ],
   "source": [
    "## let's first find in which europen country have more exited customer\n",
    "country= air.groupby('Geography')['Exited'].count()\n",
    "country"
   ]
  },
  {
   "cell_type": "code",
   "execution_count": 4,
   "id": "5b13ad76",
   "metadata": {},
   "outputs": [
    {
     "data": {
      "text/html": [
       "<div>\n",
       "<style scoped>\n",
       "    .dataframe tbody tr th:only-of-type {\n",
       "        vertical-align: middle;\n",
       "    }\n",
       "\n",
       "    .dataframe tbody tr th {\n",
       "        vertical-align: top;\n",
       "    }\n",
       "\n",
       "    .dataframe thead th {\n",
       "        text-align: right;\n",
       "    }\n",
       "</style>\n",
       "<table border=\"1\" class=\"dataframe\">\n",
       "  <thead>\n",
       "    <tr style=\"text-align: right;\">\n",
       "      <th></th>\n",
       "      <th>CreditScore</th>\n",
       "      <th>Age</th>\n",
       "      <th>Tenure</th>\n",
       "      <th>Balance</th>\n",
       "      <th>NumOfProducts</th>\n",
       "      <th>HasCrCard</th>\n",
       "      <th>IsActiveMember</th>\n",
       "      <th>EstimatedSalary</th>\n",
       "      <th>Exited</th>\n",
       "    </tr>\n",
       "  </thead>\n",
       "  <tbody>\n",
       "    <tr>\n",
       "      <th>CreditScore</th>\n",
       "      <td>1.000000</td>\n",
       "      <td>-0.003965</td>\n",
       "      <td>0.000842</td>\n",
       "      <td>0.006268</td>\n",
       "      <td>0.012238</td>\n",
       "      <td>-0.005458</td>\n",
       "      <td>0.025651</td>\n",
       "      <td>-0.001384</td>\n",
       "      <td>-0.027094</td>\n",
       "    </tr>\n",
       "    <tr>\n",
       "      <th>Age</th>\n",
       "      <td>-0.003965</td>\n",
       "      <td>1.000000</td>\n",
       "      <td>-0.009997</td>\n",
       "      <td>0.028308</td>\n",
       "      <td>-0.030680</td>\n",
       "      <td>-0.011721</td>\n",
       "      <td>0.085472</td>\n",
       "      <td>-0.007201</td>\n",
       "      <td>0.285323</td>\n",
       "    </tr>\n",
       "    <tr>\n",
       "      <th>Tenure</th>\n",
       "      <td>0.000842</td>\n",
       "      <td>-0.009997</td>\n",
       "      <td>1.000000</td>\n",
       "      <td>-0.012254</td>\n",
       "      <td>0.013444</td>\n",
       "      <td>0.022583</td>\n",
       "      <td>-0.028362</td>\n",
       "      <td>0.007784</td>\n",
       "      <td>-0.014001</td>\n",
       "    </tr>\n",
       "    <tr>\n",
       "      <th>Balance</th>\n",
       "      <td>0.006268</td>\n",
       "      <td>0.028308</td>\n",
       "      <td>-0.012254</td>\n",
       "      <td>1.000000</td>\n",
       "      <td>-0.304180</td>\n",
       "      <td>-0.014858</td>\n",
       "      <td>-0.010084</td>\n",
       "      <td>0.012797</td>\n",
       "      <td>0.118533</td>\n",
       "    </tr>\n",
       "    <tr>\n",
       "      <th>NumOfProducts</th>\n",
       "      <td>0.012238</td>\n",
       "      <td>-0.030680</td>\n",
       "      <td>0.013444</td>\n",
       "      <td>-0.304180</td>\n",
       "      <td>1.000000</td>\n",
       "      <td>0.003183</td>\n",
       "      <td>0.009612</td>\n",
       "      <td>0.014204</td>\n",
       "      <td>-0.047820</td>\n",
       "    </tr>\n",
       "    <tr>\n",
       "      <th>HasCrCard</th>\n",
       "      <td>-0.005458</td>\n",
       "      <td>-0.011721</td>\n",
       "      <td>0.022583</td>\n",
       "      <td>-0.014858</td>\n",
       "      <td>0.003183</td>\n",
       "      <td>1.000000</td>\n",
       "      <td>-0.011866</td>\n",
       "      <td>-0.009933</td>\n",
       "      <td>-0.007138</td>\n",
       "    </tr>\n",
       "    <tr>\n",
       "      <th>IsActiveMember</th>\n",
       "      <td>0.025651</td>\n",
       "      <td>0.085472</td>\n",
       "      <td>-0.028362</td>\n",
       "      <td>-0.010084</td>\n",
       "      <td>0.009612</td>\n",
       "      <td>-0.011866</td>\n",
       "      <td>1.000000</td>\n",
       "      <td>-0.011421</td>\n",
       "      <td>-0.156128</td>\n",
       "    </tr>\n",
       "    <tr>\n",
       "      <th>EstimatedSalary</th>\n",
       "      <td>-0.001384</td>\n",
       "      <td>-0.007201</td>\n",
       "      <td>0.007784</td>\n",
       "      <td>0.012797</td>\n",
       "      <td>0.014204</td>\n",
       "      <td>-0.009933</td>\n",
       "      <td>-0.011421</td>\n",
       "      <td>1.000000</td>\n",
       "      <td>0.012097</td>\n",
       "    </tr>\n",
       "    <tr>\n",
       "      <th>Exited</th>\n",
       "      <td>-0.027094</td>\n",
       "      <td>0.285323</td>\n",
       "      <td>-0.014001</td>\n",
       "      <td>0.118533</td>\n",
       "      <td>-0.047820</td>\n",
       "      <td>-0.007138</td>\n",
       "      <td>-0.156128</td>\n",
       "      <td>0.012097</td>\n",
       "      <td>1.000000</td>\n",
       "    </tr>\n",
       "  </tbody>\n",
       "</table>\n",
       "</div>"
      ],
      "text/plain": [
       "                 CreditScore       Age    Tenure   Balance  NumOfProducts  \\\n",
       "CreditScore         1.000000 -0.003965  0.000842  0.006268       0.012238   \n",
       "Age                -0.003965  1.000000 -0.009997  0.028308      -0.030680   \n",
       "Tenure              0.000842 -0.009997  1.000000 -0.012254       0.013444   \n",
       "Balance             0.006268  0.028308 -0.012254  1.000000      -0.304180   \n",
       "NumOfProducts       0.012238 -0.030680  0.013444 -0.304180       1.000000   \n",
       "HasCrCard          -0.005458 -0.011721  0.022583 -0.014858       0.003183   \n",
       "IsActiveMember      0.025651  0.085472 -0.028362 -0.010084       0.009612   \n",
       "EstimatedSalary    -0.001384 -0.007201  0.007784  0.012797       0.014204   \n",
       "Exited             -0.027094  0.285323 -0.014001  0.118533      -0.047820   \n",
       "\n",
       "                 HasCrCard  IsActiveMember  EstimatedSalary    Exited  \n",
       "CreditScore      -0.005458        0.025651        -0.001384 -0.027094  \n",
       "Age              -0.011721        0.085472        -0.007201  0.285323  \n",
       "Tenure            0.022583       -0.028362         0.007784 -0.014001  \n",
       "Balance          -0.014858       -0.010084         0.012797  0.118533  \n",
       "NumOfProducts     0.003183        0.009612         0.014204 -0.047820  \n",
       "HasCrCard         1.000000       -0.011866        -0.009933 -0.007138  \n",
       "IsActiveMember   -0.011866        1.000000        -0.011421 -0.156128  \n",
       "EstimatedSalary  -0.009933       -0.011421         1.000000  0.012097  \n",
       "Exited           -0.007138       -0.156128         0.012097  1.000000  "
      ]
     },
     "execution_count": 4,
     "metadata": {},
     "output_type": "execute_result"
    }
   ],
   "source": [
    "air.corr()"
   ]
  },
  {
   "cell_type": "code",
   "execution_count": 5,
   "id": "cec55271",
   "metadata": {},
   "outputs": [
    {
     "data": {
      "text/plain": [
       "CreditScore        0\n",
       "Geography          0\n",
       "Gender             0\n",
       "Age                0\n",
       "Tenure             0\n",
       "Balance            0\n",
       "NumOfProducts      0\n",
       "HasCrCard          0\n",
       "IsActiveMember     0\n",
       "EstimatedSalary    0\n",
       "Exited             0\n",
       "dtype: int64"
      ]
     },
     "execution_count": 5,
     "metadata": {},
     "output_type": "execute_result"
    }
   ],
   "source": [
    "air.isnull().sum()"
   ]
  },
  {
   "cell_type": "code",
   "execution_count": 6,
   "id": "4c3007a4",
   "metadata": {},
   "outputs": [],
   "source": [
    "## No null values let's convert object into dummy variable\n"
   ]
  },
  {
   "cell_type": "code",
   "execution_count": 7,
   "id": "6aee83c5",
   "metadata": {},
   "outputs": [],
   "source": [
    "air=pd.get_dummies(air,columns=['Geography'])\n",
    "air=pd.get_dummies(air,columns=['Gender'],drop_first=True)"
   ]
  },
  {
   "cell_type": "code",
   "execution_count": 8,
   "id": "523ce1bb",
   "metadata": {},
   "outputs": [
    {
     "data": {
      "text/html": [
       "<div>\n",
       "<style scoped>\n",
       "    .dataframe tbody tr th:only-of-type {\n",
       "        vertical-align: middle;\n",
       "    }\n",
       "\n",
       "    .dataframe tbody tr th {\n",
       "        vertical-align: top;\n",
       "    }\n",
       "\n",
       "    .dataframe thead th {\n",
       "        text-align: right;\n",
       "    }\n",
       "</style>\n",
       "<table border=\"1\" class=\"dataframe\">\n",
       "  <thead>\n",
       "    <tr style=\"text-align: right;\">\n",
       "      <th></th>\n",
       "      <th>CreditScore</th>\n",
       "      <th>Age</th>\n",
       "      <th>Tenure</th>\n",
       "      <th>Balance</th>\n",
       "      <th>NumOfProducts</th>\n",
       "      <th>HasCrCard</th>\n",
       "      <th>IsActiveMember</th>\n",
       "      <th>EstimatedSalary</th>\n",
       "      <th>Exited</th>\n",
       "      <th>Geography_France</th>\n",
       "      <th>Geography_Germany</th>\n",
       "      <th>Geography_Spain</th>\n",
       "      <th>Gender_Male</th>\n",
       "    </tr>\n",
       "  </thead>\n",
       "  <tbody>\n",
       "    <tr>\n",
       "      <th>0</th>\n",
       "      <td>619</td>\n",
       "      <td>42</td>\n",
       "      <td>2</td>\n",
       "      <td>0.00</td>\n",
       "      <td>1</td>\n",
       "      <td>1</td>\n",
       "      <td>1</td>\n",
       "      <td>101348.88</td>\n",
       "      <td>1</td>\n",
       "      <td>1</td>\n",
       "      <td>0</td>\n",
       "      <td>0</td>\n",
       "      <td>0</td>\n",
       "    </tr>\n",
       "    <tr>\n",
       "      <th>1</th>\n",
       "      <td>608</td>\n",
       "      <td>41</td>\n",
       "      <td>1</td>\n",
       "      <td>83807.86</td>\n",
       "      <td>1</td>\n",
       "      <td>0</td>\n",
       "      <td>1</td>\n",
       "      <td>112542.58</td>\n",
       "      <td>0</td>\n",
       "      <td>0</td>\n",
       "      <td>0</td>\n",
       "      <td>1</td>\n",
       "      <td>0</td>\n",
       "    </tr>\n",
       "    <tr>\n",
       "      <th>2</th>\n",
       "      <td>502</td>\n",
       "      <td>42</td>\n",
       "      <td>8</td>\n",
       "      <td>159660.80</td>\n",
       "      <td>3</td>\n",
       "      <td>1</td>\n",
       "      <td>0</td>\n",
       "      <td>113931.57</td>\n",
       "      <td>1</td>\n",
       "      <td>1</td>\n",
       "      <td>0</td>\n",
       "      <td>0</td>\n",
       "      <td>0</td>\n",
       "    </tr>\n",
       "    <tr>\n",
       "      <th>3</th>\n",
       "      <td>699</td>\n",
       "      <td>39</td>\n",
       "      <td>1</td>\n",
       "      <td>0.00</td>\n",
       "      <td>2</td>\n",
       "      <td>0</td>\n",
       "      <td>0</td>\n",
       "      <td>93826.63</td>\n",
       "      <td>0</td>\n",
       "      <td>1</td>\n",
       "      <td>0</td>\n",
       "      <td>0</td>\n",
       "      <td>0</td>\n",
       "    </tr>\n",
       "    <tr>\n",
       "      <th>4</th>\n",
       "      <td>850</td>\n",
       "      <td>43</td>\n",
       "      <td>2</td>\n",
       "      <td>125510.82</td>\n",
       "      <td>1</td>\n",
       "      <td>1</td>\n",
       "      <td>1</td>\n",
       "      <td>79084.10</td>\n",
       "      <td>0</td>\n",
       "      <td>0</td>\n",
       "      <td>0</td>\n",
       "      <td>1</td>\n",
       "      <td>0</td>\n",
       "    </tr>\n",
       "  </tbody>\n",
       "</table>\n",
       "</div>"
      ],
      "text/plain": [
       "   CreditScore  Age  Tenure    Balance  NumOfProducts  HasCrCard  \\\n",
       "0          619   42       2       0.00              1          1   \n",
       "1          608   41       1   83807.86              1          0   \n",
       "2          502   42       8  159660.80              3          1   \n",
       "3          699   39       1       0.00              2          0   \n",
       "4          850   43       2  125510.82              1          1   \n",
       "\n",
       "   IsActiveMember  EstimatedSalary  Exited  Geography_France  \\\n",
       "0               1        101348.88       1                 1   \n",
       "1               1        112542.58       0                 0   \n",
       "2               0        113931.57       1                 1   \n",
       "3               0         93826.63       0                 1   \n",
       "4               1         79084.10       0                 0   \n",
       "\n",
       "   Geography_Germany  Geography_Spain  Gender_Male  \n",
       "0                  0                0            0  \n",
       "1                  0                1            0  \n",
       "2                  0                0            0  \n",
       "3                  0                0            0  \n",
       "4                  0                1            0  "
      ]
     },
     "execution_count": 8,
     "metadata": {},
     "output_type": "execute_result"
    }
   ],
   "source": [
    "air.head()"
   ]
  },
  {
   "cell_type": "code",
   "execution_count": 9,
   "id": "1a28faf9",
   "metadata": {},
   "outputs": [
    {
     "data": {
      "text/html": [
       "<div>\n",
       "<style scoped>\n",
       "    .dataframe tbody tr th:only-of-type {\n",
       "        vertical-align: middle;\n",
       "    }\n",
       "\n",
       "    .dataframe tbody tr th {\n",
       "        vertical-align: top;\n",
       "    }\n",
       "\n",
       "    .dataframe thead th {\n",
       "        text-align: right;\n",
       "    }\n",
       "</style>\n",
       "<table border=\"1\" class=\"dataframe\">\n",
       "  <thead>\n",
       "    <tr style=\"text-align: right;\">\n",
       "      <th></th>\n",
       "      <th>CreditScore</th>\n",
       "      <th>Age</th>\n",
       "      <th>Tenure</th>\n",
       "      <th>Balance</th>\n",
       "      <th>NumOfProducts</th>\n",
       "      <th>HasCrCard</th>\n",
       "      <th>IsActiveMember</th>\n",
       "      <th>EstimatedSalary</th>\n",
       "      <th>Exited</th>\n",
       "      <th>Geography_France</th>\n",
       "      <th>Geography_Germany</th>\n",
       "      <th>Geography_Spain</th>\n",
       "      <th>Gender_Male</th>\n",
       "    </tr>\n",
       "  </thead>\n",
       "  <tbody>\n",
       "    <tr>\n",
       "      <th>CreditScore</th>\n",
       "      <td>1.000000</td>\n",
       "      <td>-0.003965</td>\n",
       "      <td>0.000842</td>\n",
       "      <td>0.006268</td>\n",
       "      <td>0.012238</td>\n",
       "      <td>-0.005458</td>\n",
       "      <td>0.025651</td>\n",
       "      <td>-0.001384</td>\n",
       "      <td>-0.027094</td>\n",
       "      <td>-0.008928</td>\n",
       "      <td>0.005538</td>\n",
       "      <td>0.004780</td>\n",
       "      <td>-0.002857</td>\n",
       "    </tr>\n",
       "    <tr>\n",
       "      <th>Age</th>\n",
       "      <td>-0.003965</td>\n",
       "      <td>1.000000</td>\n",
       "      <td>-0.009997</td>\n",
       "      <td>0.028308</td>\n",
       "      <td>-0.030680</td>\n",
       "      <td>-0.011721</td>\n",
       "      <td>0.085472</td>\n",
       "      <td>-0.007201</td>\n",
       "      <td>0.285323</td>\n",
       "      <td>-0.039208</td>\n",
       "      <td>0.046897</td>\n",
       "      <td>-0.001685</td>\n",
       "      <td>-0.027544</td>\n",
       "    </tr>\n",
       "    <tr>\n",
       "      <th>Tenure</th>\n",
       "      <td>0.000842</td>\n",
       "      <td>-0.009997</td>\n",
       "      <td>1.000000</td>\n",
       "      <td>-0.012254</td>\n",
       "      <td>0.013444</td>\n",
       "      <td>0.022583</td>\n",
       "      <td>-0.028362</td>\n",
       "      <td>0.007784</td>\n",
       "      <td>-0.014001</td>\n",
       "      <td>-0.002848</td>\n",
       "      <td>-0.000567</td>\n",
       "      <td>0.003868</td>\n",
       "      <td>0.014733</td>\n",
       "    </tr>\n",
       "    <tr>\n",
       "      <th>Balance</th>\n",
       "      <td>0.006268</td>\n",
       "      <td>0.028308</td>\n",
       "      <td>-0.012254</td>\n",
       "      <td>1.000000</td>\n",
       "      <td>-0.304180</td>\n",
       "      <td>-0.014858</td>\n",
       "      <td>-0.010084</td>\n",
       "      <td>0.012797</td>\n",
       "      <td>0.118533</td>\n",
       "      <td>-0.231329</td>\n",
       "      <td>0.401110</td>\n",
       "      <td>-0.134892</td>\n",
       "      <td>0.012087</td>\n",
       "    </tr>\n",
       "    <tr>\n",
       "      <th>NumOfProducts</th>\n",
       "      <td>0.012238</td>\n",
       "      <td>-0.030680</td>\n",
       "      <td>0.013444</td>\n",
       "      <td>-0.304180</td>\n",
       "      <td>1.000000</td>\n",
       "      <td>0.003183</td>\n",
       "      <td>0.009612</td>\n",
       "      <td>0.014204</td>\n",
       "      <td>-0.047820</td>\n",
       "      <td>0.001230</td>\n",
       "      <td>-0.010419</td>\n",
       "      <td>0.009039</td>\n",
       "      <td>-0.021859</td>\n",
       "    </tr>\n",
       "    <tr>\n",
       "      <th>HasCrCard</th>\n",
       "      <td>-0.005458</td>\n",
       "      <td>-0.011721</td>\n",
       "      <td>0.022583</td>\n",
       "      <td>-0.014858</td>\n",
       "      <td>0.003183</td>\n",
       "      <td>1.000000</td>\n",
       "      <td>-0.011866</td>\n",
       "      <td>-0.009933</td>\n",
       "      <td>-0.007138</td>\n",
       "      <td>0.002467</td>\n",
       "      <td>0.010577</td>\n",
       "      <td>-0.013480</td>\n",
       "      <td>0.005766</td>\n",
       "    </tr>\n",
       "    <tr>\n",
       "      <th>IsActiveMember</th>\n",
       "      <td>0.025651</td>\n",
       "      <td>0.085472</td>\n",
       "      <td>-0.028362</td>\n",
       "      <td>-0.010084</td>\n",
       "      <td>0.009612</td>\n",
       "      <td>-0.011866</td>\n",
       "      <td>1.000000</td>\n",
       "      <td>-0.011421</td>\n",
       "      <td>-0.156128</td>\n",
       "      <td>0.003317</td>\n",
       "      <td>-0.020486</td>\n",
       "      <td>0.016732</td>\n",
       "      <td>0.022544</td>\n",
       "    </tr>\n",
       "    <tr>\n",
       "      <th>EstimatedSalary</th>\n",
       "      <td>-0.001384</td>\n",
       "      <td>-0.007201</td>\n",
       "      <td>0.007784</td>\n",
       "      <td>0.012797</td>\n",
       "      <td>0.014204</td>\n",
       "      <td>-0.009933</td>\n",
       "      <td>-0.011421</td>\n",
       "      <td>1.000000</td>\n",
       "      <td>0.012097</td>\n",
       "      <td>-0.003332</td>\n",
       "      <td>0.010297</td>\n",
       "      <td>-0.006482</td>\n",
       "      <td>-0.008112</td>\n",
       "    </tr>\n",
       "    <tr>\n",
       "      <th>Exited</th>\n",
       "      <td>-0.027094</td>\n",
       "      <td>0.285323</td>\n",
       "      <td>-0.014001</td>\n",
       "      <td>0.118533</td>\n",
       "      <td>-0.047820</td>\n",
       "      <td>-0.007138</td>\n",
       "      <td>-0.156128</td>\n",
       "      <td>0.012097</td>\n",
       "      <td>1.000000</td>\n",
       "      <td>-0.104955</td>\n",
       "      <td>0.173488</td>\n",
       "      <td>-0.052667</td>\n",
       "      <td>-0.106512</td>\n",
       "    </tr>\n",
       "    <tr>\n",
       "      <th>Geography_France</th>\n",
       "      <td>-0.008928</td>\n",
       "      <td>-0.039208</td>\n",
       "      <td>-0.002848</td>\n",
       "      <td>-0.231329</td>\n",
       "      <td>0.001230</td>\n",
       "      <td>0.002467</td>\n",
       "      <td>0.003317</td>\n",
       "      <td>-0.003332</td>\n",
       "      <td>-0.104955</td>\n",
       "      <td>1.000000</td>\n",
       "      <td>-0.580359</td>\n",
       "      <td>-0.575418</td>\n",
       "      <td>0.006772</td>\n",
       "    </tr>\n",
       "    <tr>\n",
       "      <th>Geography_Germany</th>\n",
       "      <td>0.005538</td>\n",
       "      <td>0.046897</td>\n",
       "      <td>-0.000567</td>\n",
       "      <td>0.401110</td>\n",
       "      <td>-0.010419</td>\n",
       "      <td>0.010577</td>\n",
       "      <td>-0.020486</td>\n",
       "      <td>0.010297</td>\n",
       "      <td>0.173488</td>\n",
       "      <td>-0.580359</td>\n",
       "      <td>1.000000</td>\n",
       "      <td>-0.332084</td>\n",
       "      <td>-0.024628</td>\n",
       "    </tr>\n",
       "    <tr>\n",
       "      <th>Geography_Spain</th>\n",
       "      <td>0.004780</td>\n",
       "      <td>-0.001685</td>\n",
       "      <td>0.003868</td>\n",
       "      <td>-0.134892</td>\n",
       "      <td>0.009039</td>\n",
       "      <td>-0.013480</td>\n",
       "      <td>0.016732</td>\n",
       "      <td>-0.006482</td>\n",
       "      <td>-0.052667</td>\n",
       "      <td>-0.575418</td>\n",
       "      <td>-0.332084</td>\n",
       "      <td>1.000000</td>\n",
       "      <td>0.016889</td>\n",
       "    </tr>\n",
       "    <tr>\n",
       "      <th>Gender_Male</th>\n",
       "      <td>-0.002857</td>\n",
       "      <td>-0.027544</td>\n",
       "      <td>0.014733</td>\n",
       "      <td>0.012087</td>\n",
       "      <td>-0.021859</td>\n",
       "      <td>0.005766</td>\n",
       "      <td>0.022544</td>\n",
       "      <td>-0.008112</td>\n",
       "      <td>-0.106512</td>\n",
       "      <td>0.006772</td>\n",
       "      <td>-0.024628</td>\n",
       "      <td>0.016889</td>\n",
       "      <td>1.000000</td>\n",
       "    </tr>\n",
       "  </tbody>\n",
       "</table>\n",
       "</div>"
      ],
      "text/plain": [
       "                   CreditScore       Age    Tenure   Balance  NumOfProducts  \\\n",
       "CreditScore           1.000000 -0.003965  0.000842  0.006268       0.012238   \n",
       "Age                  -0.003965  1.000000 -0.009997  0.028308      -0.030680   \n",
       "Tenure                0.000842 -0.009997  1.000000 -0.012254       0.013444   \n",
       "Balance               0.006268  0.028308 -0.012254  1.000000      -0.304180   \n",
       "NumOfProducts         0.012238 -0.030680  0.013444 -0.304180       1.000000   \n",
       "HasCrCard            -0.005458 -0.011721  0.022583 -0.014858       0.003183   \n",
       "IsActiveMember        0.025651  0.085472 -0.028362 -0.010084       0.009612   \n",
       "EstimatedSalary      -0.001384 -0.007201  0.007784  0.012797       0.014204   \n",
       "Exited               -0.027094  0.285323 -0.014001  0.118533      -0.047820   \n",
       "Geography_France     -0.008928 -0.039208 -0.002848 -0.231329       0.001230   \n",
       "Geography_Germany     0.005538  0.046897 -0.000567  0.401110      -0.010419   \n",
       "Geography_Spain       0.004780 -0.001685  0.003868 -0.134892       0.009039   \n",
       "Gender_Male          -0.002857 -0.027544  0.014733  0.012087      -0.021859   \n",
       "\n",
       "                   HasCrCard  IsActiveMember  EstimatedSalary    Exited  \\\n",
       "CreditScore        -0.005458        0.025651        -0.001384 -0.027094   \n",
       "Age                -0.011721        0.085472        -0.007201  0.285323   \n",
       "Tenure              0.022583       -0.028362         0.007784 -0.014001   \n",
       "Balance            -0.014858       -0.010084         0.012797  0.118533   \n",
       "NumOfProducts       0.003183        0.009612         0.014204 -0.047820   \n",
       "HasCrCard           1.000000       -0.011866        -0.009933 -0.007138   \n",
       "IsActiveMember     -0.011866        1.000000        -0.011421 -0.156128   \n",
       "EstimatedSalary    -0.009933       -0.011421         1.000000  0.012097   \n",
       "Exited             -0.007138       -0.156128         0.012097  1.000000   \n",
       "Geography_France    0.002467        0.003317        -0.003332 -0.104955   \n",
       "Geography_Germany   0.010577       -0.020486         0.010297  0.173488   \n",
       "Geography_Spain    -0.013480        0.016732        -0.006482 -0.052667   \n",
       "Gender_Male         0.005766        0.022544        -0.008112 -0.106512   \n",
       "\n",
       "                   Geography_France  Geography_Germany  Geography_Spain  \\\n",
       "CreditScore               -0.008928           0.005538         0.004780   \n",
       "Age                       -0.039208           0.046897        -0.001685   \n",
       "Tenure                    -0.002848          -0.000567         0.003868   \n",
       "Balance                   -0.231329           0.401110        -0.134892   \n",
       "NumOfProducts              0.001230          -0.010419         0.009039   \n",
       "HasCrCard                  0.002467           0.010577        -0.013480   \n",
       "IsActiveMember             0.003317          -0.020486         0.016732   \n",
       "EstimatedSalary           -0.003332           0.010297        -0.006482   \n",
       "Exited                    -0.104955           0.173488        -0.052667   \n",
       "Geography_France           1.000000          -0.580359        -0.575418   \n",
       "Geography_Germany         -0.580359           1.000000        -0.332084   \n",
       "Geography_Spain           -0.575418          -0.332084         1.000000   \n",
       "Gender_Male                0.006772          -0.024628         0.016889   \n",
       "\n",
       "                   Gender_Male  \n",
       "CreditScore          -0.002857  \n",
       "Age                  -0.027544  \n",
       "Tenure                0.014733  \n",
       "Balance               0.012087  \n",
       "NumOfProducts        -0.021859  \n",
       "HasCrCard             0.005766  \n",
       "IsActiveMember        0.022544  \n",
       "EstimatedSalary      -0.008112  \n",
       "Exited               -0.106512  \n",
       "Geography_France      0.006772  \n",
       "Geography_Germany    -0.024628  \n",
       "Geography_Spain       0.016889  \n",
       "Gender_Male           1.000000  "
      ]
     },
     "execution_count": 9,
     "metadata": {},
     "output_type": "execute_result"
    }
   ],
   "source": [
    "air.corr()"
   ]
  },
  {
   "cell_type": "code",
   "execution_count": 10,
   "id": "127afbe9",
   "metadata": {},
   "outputs": [],
   "source": [
    "## before making any model we have to make dependent and independent variable"
   ]
  },
  {
   "cell_type": "code",
   "execution_count": 11,
   "id": "787a1d01",
   "metadata": {},
   "outputs": [],
   "source": [
    "y=air[['Exited']]\n",
    "x=air.drop(columns=['Exited'])"
   ]
  },
  {
   "cell_type": "code",
   "execution_count": 12,
   "id": "05410a3a",
   "metadata": {},
   "outputs": [],
   "source": [
    "## now split the data "
   ]
  },
  {
   "cell_type": "code",
   "execution_count": 13,
   "id": "fbe2ff0d",
   "metadata": {},
   "outputs": [],
   "source": [
    "from sklearn.model_selection import train_test_split\n",
    "x_train,x_test,y_train,y_test=train_test_split(x,y,train_size=.85,random_state=4321)"
   ]
  },
  {
   "cell_type": "code",
   "execution_count": 14,
   "id": "22572678",
   "metadata": {},
   "outputs": [
    {
     "name": "stderr",
     "output_type": "stream",
     "text": [
      "C:\\Users\\Maddy\\AppData\\Local\\Temp/ipykernel_13092/112138866.py:3: DataConversionWarning: A column-vector y was passed when a 1d array was expected. Please change the shape of y to (n_samples,), for example using ravel().\n",
      "  rf=model.fit(x_train,y_train)\n"
     ]
    }
   ],
   "source": [
    "from sklearn.ensemble import RandomForestClassifier\n",
    "model= RandomForestClassifier(n_estimators=1000,random_state=1234)\n",
    "rf=model.fit(x_train,y_train)"
   ]
  },
  {
   "cell_type": "code",
   "execution_count": 15,
   "id": "5944fd41",
   "metadata": {},
   "outputs": [
    {
     "data": {
      "text/html": [
       "<div>\n",
       "<style scoped>\n",
       "    .dataframe tbody tr th:only-of-type {\n",
       "        vertical-align: middle;\n",
       "    }\n",
       "\n",
       "    .dataframe tbody tr th {\n",
       "        vertical-align: top;\n",
       "    }\n",
       "\n",
       "    .dataframe thead th {\n",
       "        text-align: right;\n",
       "    }\n",
       "</style>\n",
       "<table border=\"1\" class=\"dataframe\">\n",
       "  <thead>\n",
       "    <tr style=\"text-align: right;\">\n",
       "      <th></th>\n",
       "      <th>Exited</th>\n",
       "      <th>predicted</th>\n",
       "    </tr>\n",
       "  </thead>\n",
       "  <tbody>\n",
       "    <tr>\n",
       "      <th>7763</th>\n",
       "      <td>0</td>\n",
       "      <td>0</td>\n",
       "    </tr>\n",
       "    <tr>\n",
       "      <th>6764</th>\n",
       "      <td>0</td>\n",
       "      <td>0</td>\n",
       "    </tr>\n",
       "    <tr>\n",
       "      <th>6662</th>\n",
       "      <td>0</td>\n",
       "      <td>0</td>\n",
       "    </tr>\n",
       "    <tr>\n",
       "      <th>5371</th>\n",
       "      <td>1</td>\n",
       "      <td>0</td>\n",
       "    </tr>\n",
       "    <tr>\n",
       "      <th>7257</th>\n",
       "      <td>1</td>\n",
       "      <td>1</td>\n",
       "    </tr>\n",
       "  </tbody>\n",
       "</table>\n",
       "</div>"
      ],
      "text/plain": [
       "      Exited  predicted\n",
       "7763       0          0\n",
       "6764       0          0\n",
       "6662       0          0\n",
       "5371       1          0\n",
       "7257       1          1"
      ]
     },
     "execution_count": 15,
     "metadata": {},
     "output_type": "execute_result"
    }
   ],
   "source": [
    "y_test['predicted']=model.predict(x_test)\n",
    "y_test.head()"
   ]
  },
  {
   "cell_type": "code",
   "execution_count": 16,
   "id": "c38ebe1e",
   "metadata": {},
   "outputs": [
    {
     "name": "stdout",
     "output_type": "stream",
     "text": [
      "accuracy score of random forest model 0.8653333333333333\n"
     ]
    }
   ],
   "source": [
    "from sklearn.metrics import accuracy_score\n",
    "print('accuracy score of random forest model',accuracy_score(y_test['Exited'],y_test['predicted']))"
   ]
  },
  {
   "cell_type": "code",
   "execution_count": 17,
   "id": "9240dbbc",
   "metadata": {},
   "outputs": [],
   "source": [
    "## Now let's make SVM model "
   ]
  },
  {
   "cell_type": "code",
   "execution_count": 18,
   "id": "3c74c39e",
   "metadata": {},
   "outputs": [
    {
     "data": {
      "text/plain": [
       "CreditScore          0\n",
       "Age                  0\n",
       "Tenure               0\n",
       "Balance              0\n",
       "NumOfProducts        0\n",
       "HasCrCard            0\n",
       "IsActiveMember       0\n",
       "EstimatedSalary      0\n",
       "Exited               0\n",
       "Geography_France     0\n",
       "Geography_Germany    0\n",
       "Geography_Spain      0\n",
       "Gender_Male          0\n",
       "dtype: int64"
      ]
     },
     "execution_count": 18,
     "metadata": {},
     "output_type": "execute_result"
    }
   ],
   "source": [
    "air.isnull().sum()"
   ]
  },
  {
   "cell_type": "code",
   "execution_count": 19,
   "id": "6918702c",
   "metadata": {},
   "outputs": [],
   "source": [
    "## split the data in independent & dependent variable"
   ]
  },
  {
   "cell_type": "code",
   "execution_count": 20,
   "id": "9297e717",
   "metadata": {},
   "outputs": [
    {
     "data": {
      "text/html": [
       "<div>\n",
       "<style scoped>\n",
       "    .dataframe tbody tr th:only-of-type {\n",
       "        vertical-align: middle;\n",
       "    }\n",
       "\n",
       "    .dataframe tbody tr th {\n",
       "        vertical-align: top;\n",
       "    }\n",
       "\n",
       "    .dataframe thead th {\n",
       "        text-align: right;\n",
       "    }\n",
       "</style>\n",
       "<table border=\"1\" class=\"dataframe\">\n",
       "  <thead>\n",
       "    <tr style=\"text-align: right;\">\n",
       "      <th></th>\n",
       "      <th>CreditScore</th>\n",
       "      <th>Age</th>\n",
       "      <th>Tenure</th>\n",
       "      <th>Balance</th>\n",
       "      <th>NumOfProducts</th>\n",
       "      <th>HasCrCard</th>\n",
       "      <th>IsActiveMember</th>\n",
       "      <th>EstimatedSalary</th>\n",
       "      <th>Geography_France</th>\n",
       "      <th>Geography_Germany</th>\n",
       "      <th>Geography_Spain</th>\n",
       "      <th>Gender_Male</th>\n",
       "    </tr>\n",
       "  </thead>\n",
       "  <tbody>\n",
       "    <tr>\n",
       "      <th>0</th>\n",
       "      <td>619</td>\n",
       "      <td>42</td>\n",
       "      <td>2</td>\n",
       "      <td>0.00</td>\n",
       "      <td>1</td>\n",
       "      <td>1</td>\n",
       "      <td>1</td>\n",
       "      <td>101348.88</td>\n",
       "      <td>1</td>\n",
       "      <td>0</td>\n",
       "      <td>0</td>\n",
       "      <td>0</td>\n",
       "    </tr>\n",
       "    <tr>\n",
       "      <th>1</th>\n",
       "      <td>608</td>\n",
       "      <td>41</td>\n",
       "      <td>1</td>\n",
       "      <td>83807.86</td>\n",
       "      <td>1</td>\n",
       "      <td>0</td>\n",
       "      <td>1</td>\n",
       "      <td>112542.58</td>\n",
       "      <td>0</td>\n",
       "      <td>0</td>\n",
       "      <td>1</td>\n",
       "      <td>0</td>\n",
       "    </tr>\n",
       "    <tr>\n",
       "      <th>2</th>\n",
       "      <td>502</td>\n",
       "      <td>42</td>\n",
       "      <td>8</td>\n",
       "      <td>159660.80</td>\n",
       "      <td>3</td>\n",
       "      <td>1</td>\n",
       "      <td>0</td>\n",
       "      <td>113931.57</td>\n",
       "      <td>1</td>\n",
       "      <td>0</td>\n",
       "      <td>0</td>\n",
       "      <td>0</td>\n",
       "    </tr>\n",
       "    <tr>\n",
       "      <th>3</th>\n",
       "      <td>699</td>\n",
       "      <td>39</td>\n",
       "      <td>1</td>\n",
       "      <td>0.00</td>\n",
       "      <td>2</td>\n",
       "      <td>0</td>\n",
       "      <td>0</td>\n",
       "      <td>93826.63</td>\n",
       "      <td>1</td>\n",
       "      <td>0</td>\n",
       "      <td>0</td>\n",
       "      <td>0</td>\n",
       "    </tr>\n",
       "    <tr>\n",
       "      <th>4</th>\n",
       "      <td>850</td>\n",
       "      <td>43</td>\n",
       "      <td>2</td>\n",
       "      <td>125510.82</td>\n",
       "      <td>1</td>\n",
       "      <td>1</td>\n",
       "      <td>1</td>\n",
       "      <td>79084.10</td>\n",
       "      <td>0</td>\n",
       "      <td>0</td>\n",
       "      <td>1</td>\n",
       "      <td>0</td>\n",
       "    </tr>\n",
       "  </tbody>\n",
       "</table>\n",
       "</div>"
      ],
      "text/plain": [
       "   CreditScore  Age  Tenure    Balance  NumOfProducts  HasCrCard  \\\n",
       "0          619   42       2       0.00              1          1   \n",
       "1          608   41       1   83807.86              1          0   \n",
       "2          502   42       8  159660.80              3          1   \n",
       "3          699   39       1       0.00              2          0   \n",
       "4          850   43       2  125510.82              1          1   \n",
       "\n",
       "   IsActiveMember  EstimatedSalary  Geography_France  Geography_Germany  \\\n",
       "0               1        101348.88                 1                  0   \n",
       "1               1        112542.58                 0                  0   \n",
       "2               0        113931.57                 1                  0   \n",
       "3               0         93826.63                 1                  0   \n",
       "4               1         79084.10                 0                  0   \n",
       "\n",
       "   Geography_Spain  Gender_Male  \n",
       "0                0            0  \n",
       "1                1            0  \n",
       "2                0            0  \n",
       "3                0            0  \n",
       "4                1            0  "
      ]
     },
     "execution_count": 20,
     "metadata": {},
     "output_type": "execute_result"
    }
   ],
   "source": [
    "Y=air[['Exited']]\n",
    "X=air.drop(columns=['Exited'])\n",
    "x.head()"
   ]
  },
  {
   "cell_type": "code",
   "execution_count": 43,
   "id": "449f5a9d",
   "metadata": {},
   "outputs": [],
   "source": [
    "from sklearn.model_selection import train_test_split\n",
    "X_train,X_test,Y_train,Y_test=train_test_split(X,Y,train_size=0.85,random_state=1234)"
   ]
  },
  {
   "cell_type": "code",
   "execution_count": 44,
   "id": "85cf82a3",
   "metadata": {},
   "outputs": [],
   "source": [
    "from sklearn.svm import SVC\n",
    "model= SVC(random_state=4321)"
   ]
  },
  {
   "cell_type": "code",
   "execution_count": 45,
   "id": "4127f926",
   "metadata": {},
   "outputs": [
    {
     "name": "stderr",
     "output_type": "stream",
     "text": [
      "C:\\Users\\Maddy\\anaconda3\\lib\\site-packages\\sklearn\\utils\\validation.py:993: DataConversionWarning: A column-vector y was passed when a 1d array was expected. Please change the shape of y to (n_samples, ), for example using ravel().\n",
      "  y = column_or_1d(y, warn=True)\n"
     ]
    }
   ],
   "source": [
    "SVM=model.fit(X_train,Y_train)"
   ]
  },
  {
   "cell_type": "code",
   "execution_count": 46,
   "id": "cbe37bea",
   "metadata": {},
   "outputs": [],
   "source": [
    "Y_test['Predicted']=SVM.predict(X_test)"
   ]
  },
  {
   "cell_type": "code",
   "execution_count": 47,
   "id": "55c2a969",
   "metadata": {},
   "outputs": [
    {
     "name": "stdout",
     "output_type": "stream",
     "text": [
      "accuracy score of SVM 0.7953333333333333\n",
      "accuracy score of random forest model 0.8653333333333333\n"
     ]
    }
   ],
   "source": [
    "print('accuracy score of SVM',accuracy_score(Y_test['Exited'],Y_test['Predicted']))\n",
    "print('accuracy score of random forest model',accuracy_score(y_test['Exited'],y_test['predicted']))"
   ]
  },
  {
   "cell_type": "code",
   "execution_count": 48,
   "id": "a79f6efd",
   "metadata": {},
   "outputs": [],
   "source": [
    "from sklearn.metrics import classification_report\n"
   ]
  },
  {
   "cell_type": "code",
   "execution_count": 59,
   "id": "8a7bba3b",
   "metadata": {},
   "outputs": [
    {
     "name": "stdout",
     "output_type": "stream",
     "text": [
      "classification report of Random Forest model\n",
      "              precision    recall  f1-score   support\n",
      "\n",
      "           0       0.88      0.96      0.92      1194\n",
      "           1       0.77      0.49      0.60       306\n",
